precinct_id	name	list_order	type_1	type_2	type_3	type_4	type_5	type_6	cmax_category_order	ed_turnout	ev_turnout	MAIL_turnout	type4_turnout	type5_turnout	type6_turnout	turnout
1	Pct 1101	1	1	2	3	4	5	6	2	83	198	0	0	0	0	281
2	Pct 1102	2	1	2	3	4	5	6	2	188	337	0	0	0	0	525
3	Pct 1103	3	1	2	3	4	5	6	2	163	348	0	0	0	0	511
4	Pct 1104	4	1	2	3	4	5	6	2	167	292	0	0	0	0	459
4	Pct 1105	4	1	2	3	4	5	6	2	167	292	0	0	0	0	459
5	Pct 1106	5	1	2	3	4	5	6	2	113	231	0	0	0	0	344
6	Pct 1107	6	1	2	3	4	5	6	2	101	240	0	0	0	0	341
7	Pct 1108	7	1	2	3	4	5	6	2	156	328	0	0	0	0	484
8	Pct 1109	8	1	2	3	4	5	6	2	124	265	0	0	0	0	389
9	Pct 1111	9	1	2	3	4	5	6	2	132	330	0	0	0	0	462
10	Pct 1112	10	1	2	3	4	5	6	2	96	221	0	0	0	0	317
11	Pct 1113	11	1	2	3	4	5	6	2	82	272	0	0	0	0	354
12	Pct 1114	12	1	2	3	4	5	6	2	139	280	0	0	0	0	419
13	Pct 1115	13	1	2	3	4	5	6	2	97	279	0	0	0	0	376
14	Pct 1116	14	1	2	3	4	5	6	2	141	275	0	0	0	0	416
15	Pct 1117	15	1	2	3	4	5	6	2	138	240	0	0	0	0	378
16	Pct 1118	16	1	2	3	4	5	6	2	158	335	0	0	0	0	493
17	Pct 1119	17	1	2	3	4	5	6	2	97	274	0	0	0	0	371
18	Pct 1121	18	1	2	3	4	5	6	2	104	221	0	0	0	0	325
19	Pct 1122	19	1	2	3	4	5	6	2	69	213	0	0	0	0	282
20	Pct 1123	20	1	2	3	4	5	6	2	118	254	0	0	0	0	372
21	Pct 1124	21	1	2	3	4	5	6	2	109	200	0	0	0	0	309
22	Pct 1125	22	1	2	3	4	5	6	2	80	329	0	0	0	0	409
23	Pct 1126	23	1	2	3	4	5	6	2	92	292	0	0	0	0	384
24	Pct 1127	24	1	2	3	4	5	6	2	141	277	0	0	0	0	418
25	Pct 1128	25	1	2	3	4	5	6	2	104	246	0	0	0	0	350
26	Pct 1129	26	1	2	3	4	5	6	2	120	274	0	0	0	0	394
27	Pct 1131	27	1	2	3	4	5	6	2	85	288	0	0	0	0	373
28	Pct 1132	28	1	2	3	4	5	6	2	112	324	0	0	0	0	436
29	Pct 1133	29	1	2	3	4	5	6	2	99	292	0	0	0	0	391
30	Pct 1134	30	1	2	3	4	5	6	2	126	241	0	0	0	0	367
31	Pct 1135	31	1	2	3	4	5	6	2	71	217	0	0	0	0	288
32	Pct 1136	32	1	2	3	4	5	6	2	97	287	0	0	0	0	384
33	Pct 1141	33	1	2	3	4	5	6	2	149	368	0	0	0	0	517
34	Pct 1142	34	1	2	3	4	5	6	2	120	266	0	0	0	0	386
35	Pct 1143	35	1	2	3	4	5	6	2	147	311	0	0	0	0	458
36	Pct 1144	36	1	2	3	4	5	6	2	148	264	0	0	0	0	412
37	Pct 1145	37	1	2	3	4	5	6	2	136	370	0	0	0	0	506
38	Pct 1146	38	1	2	3	4	5	6	2	124	326	0	0	0	0	450
39	Pct 1147	39	1	2	3	4	5	6	2	166	279	0	0	0	0	445
40	Pct 1148	40	1	2	3	4	5	6	2	121	314	0	0	0	0	435
41	Pct 1149	41	1	2	3	4	5	6	2	148	285	0	0	0	0	433
42	Pct 1151 	42	1	2	3	4	5	6	2	0	0	0	0	0	0	0
43	Pct 1152	43	1	2	3	4	5	6	2	125	286	0	0	0	0	411
44	Pct 1153	44	1	2	3	4	5	6	2	139	306	0	0	0	0	445
45	Pct 1154 	45	1	2	3	4	5	6	2	0	0	0	0	0	0	0
46	Pct 7001	46	1	2	3	4	5	6	2	119	266	0	0	0	0	385
47	Pct 7002	47	1	2	3	4	5	6	2	132	173	0	0	0	0	305
48	Pct 7003	48	1	2	3	4	5	6	2	188	340	0	0	0	0	528
49	Pct 7004	49	1	2	3	4	5	6	2	175	306	0	0	0	0	481
50	Pct 7005	50	1	2	3	4	5	6	2	180	295	0	0	0	0	475
51	Pct 7006	51	1	2	3	4	5	6	2	213	290	0	0	0	0	503
52	Pct 7007	52	1	2	3	4	5	6	2	233	323	0	0	0	0	556
53	Pct 7008	53	1	2	3	4	5	6	2	187	345	0	0	0	0	532
54	Pct 7009	54	1	2	3	4	5	6	2	133	312	0	0	0	0	445
55	Pct 7011	55	1	2	3	4	5	6	2	141	205	0	0	0	0	346
56	Pct 7012	56	1	2	3	4	5	6	2	224	383	0	0	0	0	607
57	Pct 7013	57	1	2	3	4	5	6	2	132	251	0	0	0	0	383
58	Pct 7014	58	1	2	3	4	5	6	2	188	434	0	0	0	0	622
59	Pct 7015 	59	1	2	3	4	5	6	2	0	34	0	0	0	0	34
60	Pct 7016	60	1	2	3	4	5	6	2	112	221	0	0	0	0	333
61	Pct 7017	61	1	2	3	4	5	6	2	79	167	0	0	0	0	246
62	Pct 7018	62	1	2	3	4	5	6	2	88	343	0	0	0	0	431
63	Pct 7019	63	1	2	3	4	5	6	2	111	349	0	0	0	0	460
64	Pct 7021	64	1	2	3	4	5	6	2	129	220	0	0	0	0	349
65	Pct 7022	65	1	2	3	4	5	6	2	164	270	0	0	0	0	434
66	Pct 7023	66	1	2	3	4	5	6	2	131	301	0	0	0	0	432
67	Pct 7024	67	1	2	3	4	5	6	2	30	47	0	0	0	0	77
68	Pct 7025	68	1	2	3	4	5	6	2	66	78	0	0	0	0	144
69	Pct 7026	69	1	2	3	4	5	6	2	90	350	0	0	0	0	440
70	Pct 7027	70	1	2	3	4	5	6	2	136	271	0	0	0	0	407
71	Pct 7028	71	1	2	3	4	5	6	2	157	180	0	0	0	0	337
72	Pct 7029	72	1	2	3	4	5	6	2	115	166	0	0	0	0	281
73	Pct 7030	73	1	2	3	4	5	6	2	94	277	0	0	0	0	371
74	Pct 7031	74	1	2	3	4	5	6	2	50	224	0	0	0	0	274
75	Pct 7032	75	1	2	3	4	5	6	2	126	238	0	0	0	0	364
76	Pct 7033	76	1	2	3	4	5	6	2	135	181	0	0	0	0	316
77	Pct 7034	77	1	2	3	4	5	6	2	97	154	0	0	0	0	251
78	Pct 7035	78	1	2	3	4	5	6	2	73	170	0	0	0	0	243
79	Pct 7036	79	1	2	3	4	5	6	2	52	265	0	0	0	0	317
80	Pct 7037	80	1	2	3	4	5	6	2	73	64	0	0	0	0	137
81	Pct 7038	81	1	2	3	4	5	6	2	84	255	0	0	0	0	339
82	Pct 7039	82	1	2	3	4	5	6	2	111	225	0	0	0	0	336
83	Pct 7041 	83	1	2	3	4	5	6	2	0	24	0	0	0	0	24
84	Pct 7042	84	1	2	3	4	5	6	2	75	191	0	0	0	0	266
85	Pct 7043	85	1	2	3	4	5	6	2	97	282	0	0	0	0	379
86	Pct 7044	86	1	2	3	4	5	6	2	86	125	0	0	0	0	211
87	Pct 7045	87	1	2	3	4	5	6	2	87	282	0	0	0	0	369
88	Pct 7046	88	1	2	3	4	5	6	2	54	136	0	0	0	0	190
89	Pct 7047	89	1	2	3	4	5	6	2	68	298	0	0	0	0	366
90	Pct 7048	90	1	2	3	4	5	6	2	94	248	0	0	0	0	342
91	Pct 7049	91	1	2	3	4	5	6	2	108	241	0	0	0	0	349
92	Pct 7051	92	1	2	3	4	5	6	2	70	302	0	0	0	0	372
93	Pct 7052	93	1	2	3	4	5	6	2	120	278	0	0	0	0	398
94	Pct 7053	94	1	2	3	4	5	6	2	44	205	0	0	0	0	249
95	Pct 7054	95	1	2	3	4	5	6	2	141	275	0	0	0	0	416
96	Pct 7055	96	1	2	3	4	5	6	2	83	256	0	0	0	0	339
97	Pct 7101 	97	1	2	3	4	5	6	2	2	83	0	0	0	0	85
98	Pct 7201	98	1	2	3	4	5	6	2	147	333	0	0	0	0	480
99	Pct 7202	99	1	2	3	4	5	6	2	138	271	0	0	0	0	409
100	Pct 7203	100	1	2	3	4	5	6	2	174	243	0	0	0	0	417
101	Pct 7204	101	1	2	3	4	5	6	2	157	340	0	0	0	0	497
102	Pct 7205	102	1	2	3	4	5	6	2	183	309	0	0	0	0	492
103	Pct 7206	103	1	2	3	4	5	6	2	88	124	0	0	0	0	212
104	Pct 7207	104	1	2	3	4	5	6	2	119	231	0	0	0	0	350
105	Pct 7208	105	1	2	3	4	5	6	2	76	206	0	0	0	0	282
106	Pct 7209	106	1	2	3	4	5	6	2	69	326	0	0	0	0	395
107	Pct 7301	107	1	2	3	4	5	6	2	150	299	0	0	0	0	449
108	Pct 7302	108	1	2	3	4	5	6	2	121	352	0	0	0	0	473
109	Pct 7303	109	1	2	3	4	5	6	2	167	318	0	0	0	0	485
110	Pct 7304	110	1	2	3	4	5	6	2	203	330	0	0	0	0	533
111	Pct 7305	111	1	2	3	4	5	6	2	171	306	0	0	0	0	477
112	Pct 7306	112	1	2	3	4	5	6	2	179	302	0	0	0	0	481
113	Pct 7307	113	1	2	3	4	5	6	2	143	226	0	0	0	0	369
114	Pct 7308	114	1	2	3	4	5	6	2	133	204	0	0	0	0	337
115	Pct 7309	115	1	2	3	4	5	6	2	160	209	0	0	0	0	369
116	Pct 7311	116	1	2	3	4	5	6	2	175	266	0	0	0	0	441
117	Pct 7312	117	1	2	3	4	5	6	2	128	332	0	0	0	0	460
118	Pct 7313	118	1	2	3	4	5	6	2	135	315	0	0	0	0	450
119	Pct 7314	119	1	2	3	4	5	6	2	92	213	0	0	0	0	305
120	Pct 7315	120	1	2	3	4	5	6	2	119	178	0	0	0	0	297
121	Pct 7316	121	1	2	3	4	5	6	2	122	266	0	0	0	0	388
122	Pct 7317	122	1	2	3	4	5	6	2	117	340	0	0	0	0	457
123	Pct 7318	123	1	2	3	4	5	6	2	123	243	0	0	0	0	366
124	Pct 7319	124	1	2	3	4	5	6	2	182	296	0	0	0	0	478
125	Pct 7321	125	1	2	3	4	5	6	2	100	211	0	0	0	0	311
126	Pct 7322	126	1	2	3	4	5	6	2	60	304	0	0	0	0	364
127	Pct 7323	127	1	2	3	4	5	6	2	146	273	0	0	0	0	419
128	Pct 7324	128	1	2	3	4	5	6	2	125	198	0	0	0	0	323
129	Pct 7325	129	1	2	3	4	5	6	2	150	276	0	0	0	0	426
130	Pct 7326	130	1	2	3	4	5	6	2	150	256	0	0	0	0	406
131	Pct 7327	131	1	2	3	4	5	6	2	62	277	0	0	0	0	339
132	Pct 7328	132	1	2	3	4	5	6	2	70	391	0	0	0	0	461
133	Pct 7329	133	1	2	3	4	5	6	2	71	205	0	0	0	0	276
134	Pct 7331	134	1	2	3	4	5	6	2	130	357	0	0	0	0	487
135	Pct 7332	135	1	2	3	4	5	6	2	154	209	0	0	0	0	363
136	Pct 7333	136	1	2	3	4	5	6	2	174	323	0	0	0	0	497
137	Pct 7334	137	1	2	3	4	5	6	2	113	275	0	0	0	0	388
138	Pct 7335	138	1	2	3	4	5	6	2	144	354	0	0	0	0	498
139	Pct 7336	139	1	2	3	4	5	6	2	155	324	0	0	0	0	479
140	Pct 7337	140	1	2	3	4	5	6	2	115	305	0	0	0	0	420
141	Pct 7338	141	1	2	3	4	5	6	2	100	364	0	0	0	0	464
142	Pct 7339	142	1	2	3	4	5	6	2	111	181	0	0	0	0	292
143	Pct 7341	143	1	2	3	4	5	6	2	124	246	0	0	0	0	370
144	Pct 7342	144	1	2	3	4	5	6	2	234	251	0	0	0	0	485
145	Pct 7343	145	1	2	3	4	5	6	2	144	186	0	0	0	0	330
146	Pct 7344	146	1	2	3	4	5	6	2	179	334	0	0	0	0	513
147	Pct 7345	147	1	2	3	4	5	6	2	183	283	0	0	0	0	466
148	Pct 7346	148	1	2	3	4	5	6	2	168	221	0	0	0	0	389
149	Pct 7347	149	1	2	3	4	5	6	2	137	279	0	0	0	0	416
150	Pct 7348	150	1	2	3	4	5	6	2	139	202	0	0	0	0	341
151	Pct 7349	151	1	2	3	4	5	6	2	147	282	0	0	0	0	429
152	Pct 7501	152	1	2	3	4	5	6	2	118	168	0	0	0	0	286
153	Pct 7502	153	1	2	3	4	5	6	2	113	349	0	0	0	0	462
154	Pct 7503	154	1	2	3	4	5	6	2	132	226	0	0	0	0	358
155	Pct 7504	155	1	2	3	4	5	6	2	76	158	0	0	0	0	234
156	Pct 7505	156	1	2	3	4	5	6	2	131	417	0	0	0	0	548
157	Pct 7506	157	1	2	3	4	5	6	2	133	252	0	0	0	0	385
158	Pct 7507	158	1	2	3	4	5	6	2	158	255	0	0	0	0	413
159	Pct 7508	159	1	2	3	4	5	6	2	106	340	0	0	0	0	446
160	Pct 7509	160	1	2	3	4	5	6	2	171	319	0	0	0	0	490
160	Pct 7511	160	1	2	3	4	5	6	2	171	319	0	0	0	0	490
161	Pct 7512	161	1	2	3	4	5	6	2	96	196	0	0	0	0	292
162	Pct 7513	162	1	2	3	4	5	6	2	142	208	0	0	0	0	350
163	Pct 7514	163	1	2	3	4	5	6	2	95	235	0	0	0	0	330
164	Pct 7515	164	1	2	3	4	5	6	2	150	289	0	0	0	0	439
165	Pct 7516	165	1	2	3	4	5	6	2	145	378	0	0	0	0	523
166	Pct 7517	166	1	2	3	4	5	6	2	228	251	0	0	0	0	479
167	Pct 7518	167	1	2	3	4	5	6	2	235	298	0	0	0	0	533
168	Pct 7519	168	1	2	3	4	5	6	2	179	185	0	0	0	0	364
169	Pct 7521	169	1	2	3	4	5	6	2	211	215	0	0	0	0	426
170	Pct 7522	170	1	2	3	4	5	6	2	175	240	0	0	0	0	415
171	Pct 7523	171	1	2	3	4	5	6	2	208	223	0	0	0	0	431
172	Pct 7524	172	1	2	3	4	5	6	2	143	165	0	0	0	0	308
173	Pct 7525	173	1	2	3	4	5	6	2	145	214	0	0	0	0	359
174	Pct 7526	174	1	2	3	4	5	6	2	197	313	0	0	0	0	510
175	Pct 7527	175	1	2	3	4	5	6	2	162	237	0	0	0	0	399
175	Pct 7528	175	1	2	3	4	5	6	2	162	237	0	0	0	0	399
176	Pct 7529	176	1	2	3	4	5	6	2	214	300	0	0	0	0	514
177	Pct 7531	177	1	2	3	4	5	6	2	179	263	0	0	0	0	442
178	Pct 7532	178	1	2	3	4	5	6	2	172	226	0	0	0	0	398
179	Pct 7533	179	1	2	3	4	5	6	2	268	297	0	0	0	0	565
180	Pct 7534	180	1	2	3	4	5	6	2	241	240	0	0	0	0	481
181	Pct 7535	181	1	2	3	4	5	6	2	201	251	0	0	0	0	452
182	Pct 7536	182	1	2	3	4	5	6	2	206	279	0	0	0	0	485
183	Pct 7537	183	1	2	3	4	5	6	2	187	225	0	0	0	0	412
184	Pct 7538	184	1	2	3	4	5	6	2	223	256	0	0	0	0	479
185	Pct 7539	185	1	2	3	4	5	6	2	250	286	0	0	0	0	536
186	Pct 7541	186	1	2	3	4	5	6	2	215	245	0	0	0	0	460
187	Pct 7542	187	1	2	3	4	5	6	2	183	247	0	0	0	0	430
188	Pct 7543	188	1	2	3	4	5	6	2	187	332	0	0	0	0	519
189	Pct 7544	189	1	2	3	4	5	6	2	186	331	0	0	0	0	517
190	Pct 7545	190	1	2	3	4	5	6	2	179	291	0	0	0	0	470
191	Pct 7546	191	1	2	3	4	5	6	2	219	310	0	0	0	0	529
192	Pct 7547	192	1	2	3	4	5	6	2	244	322	0	0	0	0	566
193	Pct 7548	193	1	2	3	4	5	6	2	236	345	0	0	0	0	581
194	Pct 7549	194	1	2	3	4	5	6	2	165	281	0	0	0	0	446
195	Pct 7551	195	1	2	3	4	5	6	2	199	240	0	0	0	0	439
196	Pct 7552	196	1	2	3	4	5	6	2	191	232	0	0	0	0	423
197	Pct 7553 	197	1	2	3	4	5	6	2	5	87	0	0	0	0	92
198	Pct 7554	198	1	2	3	4	5	6	2	179	323	0	0	0	0	502
199	Pct 7555	199	1	2	3	4	5	6	2	242	304	0	0	0	0	546
200	Pct 7556	200	1	2	3	4	5	6	2	223	422	0	0	0	0	645
200	Pct 7557	200	1	2	3	4	5	6	2	223	422	0	0	0	0	645
201	Pct 7601	201	1	2	3	4	5	6	2	128	185	0	0	0	0	313
202	Pct 7602	202	1	2	3	4	5	6	2	147	243	0	0	0	0	390
203	Pct 7603	203	1	2	3	4	5	6	2	152	215	0	0	0	0	367
204	Pct 7604	204	1	2	3	4	5	6	2	133	233	0	0	0	0	366
205	Pct 7605	205	1	2	3	4	5	6	2	77	155	0	0	0	0	232
206	Pct 7606	206	1	2	3	4	5	6	2	127	212	0	0	0	0	339
207	Pct 7607	207	1	2	3	4	5	6	2	120	265	0	0	0	0	385
208	Pct 7608	208	1	2	3	4	5	6	2	46	119	0	0	0	0	165
209	Pct 7609	209	1	2	3	4	5	6	2	101	297	0	0	0	0	398
210	Pct 7611	210	1	2	3	4	5	6	2	76	204	0	0	0	0	280
211	Pct 7612	211	1	2	3	4	5	6	2	76	210	0	0	0	0	286
212	Pct 7613	212	1	2	3	4	5	6	2	140	215	0	0	0	0	355
213	Pct 7614	213	1	2	3	4	5	6	2	123	238	0	0	0	0	361
214	Pct 7615	214	1	2	3	4	5	6	2	108	170	0	0	0	0	278
215	Pct 7616	215	1	2	3	4	5	6	2	129	331	0	0	0	0	460
216	Pct 7617	216	1	2	3	4	5	6	2	84	223	0	0	0	0	307
217	Pct 7618	217	1	2	3	4	5	6	2	123	272	0	0	0	0	395
218	Pct 7619	218	1	2	3	4	5	6	2	154	308	0	0	0	0	462
219	Pct 7621	219	1	2	3	4	5	6	2	163	346	0	0	0	0	509
220	Pct 7622	220	1	2	3	4	5	6	2	99	193	0	0	0	0	292
221	Pct 7623	221	1	2	3	4	5	6	2	122	196	0	0	0	0	318
222	Pct 7624	222	1	2	3	4	5	6	2	104	195	0	0	0	0	299
223	Pct 7625	223	1	2	3	4	5	6	2	73	415	0	0	0	0	488
224	Pct 7626	224	1	2	3	4	5	6	2	128	361	0	0	0	0	489
225	Pct 7627	225	1	2	3	4	5	6	2	116	319	0	0	0	0	435
226	Pct 7628	226	1	2	3	4	5	6	2	156	267	0	0	0	0	423
227	Pct 7629	227	1	2	3	4	5	6	2	108	206	0	0	0	0	314
228	Pct 7631	228	1	2	3	4	5	6	2	146	339	0	0	0	0	485
229	Pct 7632	229	1	2	3	4	5	6	2	167	286	0	0	0	0	453
230	Pct 7633	230	1	2	3	4	5	6	2	90	253	0	0	0	0	343
231	Pct 7634	231	1	2	3	4	5	6	2	120	291	0	0	0	0	411
232	Pct 7635	232	1	2	3	4	5	6	2	89	242	0	0	0	0	331
233	Pct 7636	233	1	2	3	4	5	6	2	134	251	0	0	0	0	385
234	Pct 7637	234	1	2	3	4	5	6	2	89	249	0	0	0	0	338
235	Pct 7638	235	1	2	3	4	5	6	2	129	492	0	0	0	0	621
236	Pct 7639	236	1	2	3	4	5	6	2	110	319	0	0	0	0	429
237	Pct 7641	237	1	2	3	4	5	6	2	114	374	0	0	0	0	488
238	Pct 7642	238	1	2	3	4	5	6	2	84	268	0	0	0	0	352
239	Pct 7643	239	1	2	3	4	5	6	2	99	355	0	0	0	0	454
240	Pct 7644	240	1	2	3	4	5	6	2	156	291	0	0	0	0	447
241	Pct 7645	241	1	2	3	4	5	6	2	63	241	0	0	0	0	304
242	Pct 7646	242	1	2	3	4	5	6	2	110	326	0	0	0	0	436
243	Pct 7647	243	1	2	3	4	5	6	2	107	185	0	0	0	0	292
244	Pct 7648 	244	1	2	3	4	5	6	2	0	0	0	0	0	0	0
245	Pct 7649	245	1	2	3	4	5	6	2	97	234	0	0	0	0	331
246	Pct 7651	246	1	2	3	4	5	6	2	48	155	0	0	0	0	203
247	Pct 7652	247	1	2	3	4	5	6	2	68	163	0	0	0	0	231
248	Pct 7653	248	1	2	3	4	5	6	2	137	321	0	0	0	0	458
249	Pct 7701	249	1	2	3	4	5	6	2	225	383	0	0	0	0	608
250	Pct 7702	250	1	2	3	4	5	6	2	117	302	0	0	0	0	419
251	Pct 7703 	251	1	2	3	4	5	6	2	0	66	0	0	0	0	66
252	Pct 7704	252	1	2	3	4	5	6	2	208	396	0	0	0	0	604
253	Pct 7705	253	1	2	3	4	5	6	2	123	227	0	0	0	0	350
254	Pct 7706	254	1	2	3	4	5	6	2	189	341	0	0	0	0	530
255	Pct 7707	255	1	2	3	4	5	6	2	200	379	0	0	0	0	579
256	Pct 7708	256	1	2	3	4	5	6	2	181	400	0	0	0	0	581
257	Pct 7709	257	1	2	3	4	5	6	2	85	174	0	0	0	0	259
258	Pct 7711	258	1	2	3	4	5	6	2	162	344	0	0	0	0	506
259	Pct 7712	259	1	2	3	4	5	6	2	131	230	0	0	0	0	361
260	Pct 7801	260	1	2	3	4	5	6	2	230	424	0	0	0	0	654
261	Pct 7802	261	1	2	3	4	5	6	2	205	313	0	0	0	0	518
262	Pct 7803	262	1	2	3	4	5	6	2	143	412	0	0	0	0	555
263	Pct 7804	263	1	2	3	4	5	6	2	236	394	0	0	0	0	630
264	Pct 7805	264	1	2	3	4	5	6	2	176	348	0	0	0	0	524
265	Pct 7806	265	1	2	3	4	5	6	2	163	283	0	0	0	0	446
266	Pct 7807	266	1	2	3	4	5	6	2	228	273	0	0	0	0	501
267	Pct 7808	267	1	2	3	4	5	6	2	178	243	0	0	0	0	421
268	Pct 7809	268	1	2	3	4	5	6	2	160	267	0	0	0	0	427
269	Pct 7811	269	1	2	3	4	5	6	2	186	243	0	0	0	0	429
270	Pct 7812	270	1	2	3	4	5	6	2	207	292	0	0	0	0	499
271	Pct 7813	271	1	2	3	4	5	6	2	251	362	0	0	0	0	613
272	Pct 7814	272	1	2	3	4	5	6	2	173	223	0	0	0	0	396
273	Pct 7815	273	1	2	3	4	5	6	2	178	407	0	0	0	0	585
274	Pct 7816	274	1	2	3	4	5	6	2	202	390	0	0	0	0	592
275	Pct 7817	275	1	2	3	4	5	6	2	215	309	0	0	0	0	524
276	Pct 7818	276	1	2	3	4	5	6	2	172	335	0	0	0	0	507
277	Pct 7819	277	1	2	3	4	5	6	2	169	297	0	0	0	0	466
278	Pct 7821	278	1	2	3	4	5	6	2	229	439	0	0	0	0	668
279	Pct 7822	279	1	2	3	4	5	6	2	244	343	0	0	0	0	587
280	Pct 7823	280	1	2	3	4	5	6	2	237	347	0	0	0	0	584
281	Pct 7824	281	1	2	3	4	5	6	2	170	274	0	0	0	0	444
282	Pct 7825	282	1	2	3	4	5	6	2	160	215	0	0	0	0	375
283	Pct 7826	283	1	2	3	4	5	6	2	214	194	0	0	0	0	408
284	Pct 7827	284	1	2	3	4	5	6	2	199	252	0	0	0	0	451
285	Pct 7828	285	1	2	3	4	5	6	2	205	397	0	0	0	0	602
286	Pct 7829	286	1	2	3	4	5	6	2	199	391	0	0	0	0	590
287	Pct 7831	287	1	2	3	4	5	6	2	202	369	0	0	0	0	571
288	Pct 7832	288	1	2	3	4	5	6	2	162	343	0	0	0	0	505
289	Pct 7833	289	1	2	3	4	5	6	2	182	271	0	0	0	0	453
290	Pct 7834	290	1	2	3	4	5	6	2	225	288	0	0	0	0	513
291	Pct 7835	291	1	2	3	4	5	6	2	175	338	0	0	0	0	513
292	Pct 7836	292	1	2	3	4	5	6	2	199	421	0	0	0	0	620
293	Pct 7837	293	1	2	3	4	5	6	2	237	339	0	0	0	0	576
294	Pct 7838	294	1	2	3	4	5	6	2	210	413	0	0	0	0	623
295	Pct 7839	295	1	2	3	4	5	6	2	172	389	0	0	0	0	561
296	Pct 7841	296	1	2	3	4	5	6	2	240	353	0	0	0	0	593
297	Pct 7842	297	1	2	3	4	5	6	2	214	308	0	0	0	0	522
298	Pct 7843	298	1	2	3	4	5	6	2	182	267	0	0	0	0	449
299	Pct 7844	299	1	2	3	4	5	6	2	160	245	0	0	0	0	405
300	Pct 7845	300	1	2	3	4	5	6	2	202	314	0	0	0	0	516
301	Pct 7846	301	1	2	3	4	5	6	2	221	330	0	0	0	0	551
302	Pct 7847	302	1	2	3	4	5	6	2	207	358	0	0	0	0	565
303	Pct 7848	303	1	2	3	4	5	6	2	209	346	0	0	0	0	555
304	Pct 7849	304	1	2	3	4	5	6	2	237	353	0	0	0	0	590
305	Pct 7851	305	1	2	3	4	5	6	2	118	204	0	0	0	0	322
306	Pct 7852	306	1	2	3	4	5	6	2	104	303	0	0	0	0	407
307	Pct 7853	307	1	2	3	4	5	6	2	180	333	0	0	0	0	513
308	Pct 7854	308	1	2	3	4	5	6	2	216	346	0	0	0	0	562
309	Pct 7855	309	1	2	3	4	5	6	2	259	359	0	0	0	0	618
310	Pct 7856	310	1	2	3	4	5	6	2	204	312	0	0	0	0	516
311	Pct 7857	311	1	2	3	4	5	6	2	226	350	0	0	0	0	576
312	Pct 7858	312	1	2	3	4	5	6	2	192	252	0	0	0	0	444
313	Pct 7859	313	1	2	3	4	5	6	2	219	352	0	0	0	0	571
314	Pct 7861	314	1	2	3	4	5	6	2	184	367	0	0	0	0	551
315	Pct 7862	315	1	2	3	4	5	6	2	237	323	0	0	0	0	560
316	Pct 7863	316	1	2	3	4	5	6	2	237	302	0	0	0	0	539
317	Pct 7864	317	1	2	3	4	5	6	2	188	284	0	0	0	0	472
318	Pct 7865	318	1	2	3	4	5	6	2	178	310	0	0	0	0	488
319	Pct 7866	319	1	2	3	4	5	6	2	184	389	0	0	0	0	573
320	Pct 7867	320	1	2	3	4	5	6	2	209	385	0	0	0	0	594
321	Pct 7868	321	1	2	3	4	5	6	2	218	324	0	0	0	0	542
322	Pct 7869	322	1	2	3	4	5	6	2	219	376	0	0	0	0	595
323	Pct 7871	323	1	2	3	4	5	6	2	240	364	0	0	0	0	604
324	Pct 7872	324	1	2	3	4	5	6	2	242	369	0	0	0	0	611
325	Pct 7873	325	1	2	3	4	5	6	2	231	387	0	0	0	0	618
326	Pct 7874	326	1	2	3	4	5	6	2	85	174	0	0	0	0	259
327	Pct 7875	327	1	2	3	4	5	6	2	127	203	0	0	0	0	330
328	Pct 7876	328	1	2	3	4	5	6	2	101	148	0	0	0	0	249
329	Pct 7901	329	1	2	3	4	5	6	2	87	133	0	0	0	0	220
330	Pct 7902	330	1	2	3	4	5	6	2	188	259	0	0	0	0	447
331	Pct 7903	331	1	2	3	4	5	6	2	144	244	0	0	0	0	388
332	Pct 7904	332	1	2	3	4	5	6	2	137	248	0	0	0	0	385
333	Pct 7905	333	1	2	3	4	5	6	2	199	275	0	0	0	0	474
334	Pct 7906	334	1	2	3	4	5	6	2	164	214	0	0	0	0	378
335	Pct 7907	335	1	2	3	4	5	6	2	201	286	0	0	0	0	487
336	Pct 7908	336	1	2	3	4	5	6	2	191	267	0	0	0	0	458
337	Pct 7909	337	1	2	3	4	5	6	2	190	221	0	0	0	0	411
338	Pct 7911	338	1	2	3	4	5	6	2	192	250	0	0	0	0	442
339	Pct 7912	339	1	2	3	4	5	6	2	215	314	0	0	0	0	529
340	Pct 7913	340	1	2	3	4	5	6	2	240	244	0	0	0	0	484
341	Pct 7914	341	1	2	3	4	5	6	2	208	253	0	0	0	0	461
342	Pct 7915	342	1	2	3	4	5	6	2	213	222	0	0	0	0	435
343	Pct 7916	343	1	2	3	4	5	6	2	215	289	0	0	0	0	504
344	Pct 7917	344	1	2	3	4	5	6	2	254	287	0	0	0	0	541
345	Pct 7918	345	1	2	3	4	5	6	2	191	234	0	0	0	0	425
346	Pct 7919	346	1	2	3	4	5	6	2	217	241	0	0	0	0	458
347	Pct 7921	347	1	2	3	4	5	6	2	151	210	0	0	0	0	361
348	Pct 7922	348	1	2	3	4	5	6	2	182	241	0	0	0	0	423
349	Pct 7923	349	1	2	3	4	5	6	2	202	241	0	0	0	0	443
350	Pct 7924	350	1	2	3	4	5	6	2	172	247	0	0	0	0	419
351	Pct 7925	351	1	2	3	4	5	6	2	114	191	0	0	0	0	305
352	Pct 7926	352	1	2	3	4	5	6	2	177	296	0	0	0	0	473
353	Pct 7927	353	1	2	3	4	5	6	2	187	289	0	0	0	0	476
354	Pct 7928	354	1	2	3	4	5	6	2	253	297	0	0	0	0	550
355	Pct 7929	355	1	2	3	4	5	6	2	200	367	0	0	0	0	567
356	Pct 7931	356	1	2	3	4	5	6	2	189	317	0	0	0	0	506
357	Pct 7932	357	1	2	3	4	5	6	2	112	225	0	0	0	0	337
358	Pct 7933 	358	1	2	3	4	5	6	2	0	4	0	0	0	0	4
359	Pct 7934	359	1	2	3	4	5	6	2	195	328	0	0	0	0	523
360	Pct 7935	360	1	2	3	4	5	6	2	283	370	0	0	0	0	653
361	Pct 7936	361	1	2	3	4	5	6	2	246	326	0	0	0	0	572
362	Pct 7937	362	1	2	3	4	5	6	2	223	309	0	0	0	0	532
363	Pct 7938	363	1	2	3	4	5	6	2	162	247	0	0	0	0	409
364	Pct 7939	364	1	2	3	4	5	6	2	186	230	0	0	0	0	416
365	Pct 7941	365	1	2	3	4	5	6	2	167	236	0	0	0	0	403
366	Pct 7942	366	1	2	3	4	5	6	2	166	286	0	0	0	0	452
367	Pct 7943	367	1	2	3	4	5	6	2	192	319	0	0	0	0	511
368	Pct 7944	368	1	2	3	4	5	6	2	201	235	0	0	0	0	436
369	Pct 7945	369	1	2	3	4	5	6	2	118	294	0	0	0	0	412
370	Pct 7946	370	1	2	3	4	5	6	2	134	348	0	0	0	0	482
371	Pct 7947	371	1	2	3	4	5	6	2	128	327	0	0	0	0	455
372	Pct 7948	372	1	2	3	4	5	6	2	165	313	0	0	0	0	478
373	Pct 7949	373	1	2	3	4	5	6	2	78	224	0	0	0	0	302
374	Pct 7951	374	1	2	3	4	5	6	2	97	341	0	0	0	0	438
375	Pct 7952	375	1	2	3	4	5	6	2	100	288	0	0	0	0	388
376	Pct 7953	376	1	2	3	4	5	6	2	103	294	0	0	0	0	397
377	Pct 7954 	377	1	2	3	4	5	6	2	0	0	0	0	0	0	0
378	Pct 7955	378	1	2	3	4	5	6	2	116	320	0	0	0	0	436
379	Pct 7956	379	1	2	3	4	5	6	2	101	247	0	0	0	0	348
380	Pct 7957	380	1	2	3	4	5	6	2	97	217	0	0	0	0	314
381	Pct 7958 	381	1	2	3	4	5	6	2	13	104	0	0	0	0	117
382	Pct 7959	382	1	2	3	4	5	6	2	110	190	0	0	0	0	300
383	Pct 9001 	383	1	2	3	4	5	6	2	8	101	0	0	0	0	109
384	Pct 9101	384	1	2	3	4	5	6	2	190	323	0	0	0	0	513
385	Pct 9102	385	1	2	3	4	5	6	2	182	335	0	0	0	0	517
386	Pct 9103	386	1	2	3	4	5	6	2	174	302	0	0	0	0	476
387	Pct 9104	387	1	2	3	4	5	6	2	176	332	0	0	0	0	508
388	Pct 9105	388	1	2	3	4	5	6	2	191	339	0	0	0	0	530
389	Pct 9106	389	1	2	3	4	5	6	2	213	334	0	0	0	0	547
390	Pct 9107	390	1	2	3	4	5	6	2	164	246	0	0	0	0	410
391	Pct 9108	391	1	2	3	4	5	6	2	185	220	0	0	0	0	405
392	Pct 9109	392	1	2	3	4	5	6	2	205	285	0	0	0	0	490
393	Pct 9111	393	1	2	3	4	5	6	2	150	226	0	0	0	0	376
394	Pct 9112	394	1	2	3	4	5	6	2	211	295	0	0	0	0	506
395	Pct 9113	395	1	2	3	4	5	6	2	231	351	0	0	0	0	582
396	Pct 9114	396	1	2	3	4	5	6	2	170	273	0	0	0	0	443
397	Pct 9115	397	1	2	3	4	5	6	2	172	287	0	0	0	0	459
398	Pct 9116	398	1	2	3	4	5	6	2	193	314	0	0	0	0	507
399	Pct 9117	399	1	2	3	4	5	6	2	180	285	0	0	0	0	465
400	Pct 9118	400	1	2	3	4	5	6	2	184	268	0	0	0	0	452
401	Pct 9119	401	1	2	3	4	5	6	2	152	323	0	0	0	0	475
402	Pct 9121	402	1	2	3	4	5	6	2	188	274	0	0	0	0	462
403	Pct 9122	403	1	2	3	4	5	6	2	131	292	0	0	0	0	423
404	Pct 9123	404	1	2	3	4	5	6	2	175	270	0	0	0	0	445
405	Pct 9124	405	1	2	3	4	5	6	2	150	290	0	0	0	0	440
406	Pct 9125	406	1	2	3	4	5	6	2	159	299	0	0	0	0	458
407	Pct 9126	407	1	2	3	4	5	6	2	186	350	0	0	0	0	536
408	Pct 9127	408	1	2	3	4	5	6	2	209	315	0	0	0	0	524
409	Pct 9128	409	1	2	3	4	5	6	2	188	296	0	0	0	0	484
410	Pct 9129	410	1	2	3	4	5	6	2	173	225	0	0	0	0	398
411	Pct 9131	411	1	2	3	4	5	6	2	151	274	0	0	0	0	425
412	Pct 9132	412	1	2	3	4	5	6	2	167	251	0	0	0	0	418
413	Pct 9133	413	1	2	3	4	5	6	2	188	388	0	0	0	0	576
414	Pct 9134	414	1	2	3	4	5	6	2	132	297	0	0	0	0	429
415	Pct 9135	415	1	2	3	4	5	6	2	149	269	0	0	0	0	418
416	Pct 9136	416	1	2	3	4	5	6	2	191	289	0	0	0	0	480
417	Pct 9137	417	1	2	3	4	5	6	2	201	323	0	0	0	0	524
418	Pct 9138	418	1	2	3	4	5	6	2	155	323	0	0	0	0	478
419	Pct 9139	419	1	2	3	4	5	6	2	163	356	0	0	0	0	519
420	Pct 9141	420	1	2	3	4	5	6	2	168	328	0	0	0	0	496
421	Pct 9142	421	1	2	3	4	5	6	2	219	288	0	0	0	0	507
422	Pct 9143	422	1	2	3	4	5	6	2	196	315	0	0	0	0	511
423	Pct 9144	423	1	2	3	4	5	6	2	221	322	0	0	0	0	543
424	Pct 9145	424	1	2	3	4	5	6	2	197	282	0	0	0	0	479
425	Pct 9146	425	1	2	3	4	5	6	2	206	297	0	0	0	0	503
426	Pct 9147	426	1	2	3	4	5	6	2	227	318	0	0	0	0	545
427	Pct 9148	427	1	2	3	4	5	6	2	226	322	0	0	0	0	548
428	Pct 9149	428	1	2	3	4	5	6	2	196	296	0	0	0	0	492
429	Pct 9151	429	1	2	3	4	5	6	2	152	267	0	0	0	0	419
430	Pct 9152	430	1	2	3	4	5	6	2	67	138	0	0	0	0	205
431	Pct 9201	431	1	2	3	4	5	6	2	201	229	0	0	0	0	430
432	Pct 9202	432	1	2	3	4	5	6	2	184	218	0	0	0	0	402
433	Pct 9203	433	1	2	3	4	5	6	2	145	300	0	0	0	0	445
434	Pct 9204	434	1	2	3	4	5	6	2	147	223	0	0	0	0	370
435	Pct 9205	435	1	2	3	4	5	6	2	113	201	0	0	0	0	314
436	Pct 9206	436	1	2	3	4	5	6	2	135	294	0	0	0	0	429
437	Pct 9207	437	1	2	3	4	5	6	2	148	249	0	0	0	0	397
438	Pct 9208	438	1	2	3	4	5	6	2	147	240	0	0	0	0	387
439	Pct 9209	439	1	2	3	4	5	6	2	121	188	0	0	0	0	309
440	Pct 9211	440	1	2	3	4	5	6	2	130	212	0	0	0	0	342
441	Pct 9212	441	1	2	3	4	5	6	2	121	205	0	0	0	0	326
442	Pct 9213	442	1	2	3	4	5	6	2	140	260	0	0	0	0	400
443	Pct 9214	443	1	2	3	4	5	6	2	92	203	0	0	0	0	295
444	Pct 9215	444	1	2	3	4	5	6	2	130	170	0	0	0	0	300
445	Pct 9216	445	1	2	3	4	5	6	2	134	206	0	0	0	0	340
446	Pct 9217	446	1	2	3	4	5	6	2	123	187	0	0	0	0	310
447	Pct 9218	447	1	2	3	4	5	6	2	119	225	0	0	0	0	344
448	Pct 9219	448	1	2	3	4	5	6	2	146	187	0	0	0	0	333
449	Pct 9221	449	1	2	3	4	5	6	2	121	278	0	0	0	0	399
450	Pct 9222	450	1	2	3	4	5	6	2	139	268	0	0	0	0	407
451	Pct 9223	451	1	2	3	4	5	6	2	88	202	0	0	0	0	290
452	Pct 9224	452	1	2	3	4	5	6	2	171	308	0	0	0	0	479
453	Pct 9225	453	1	2	3	4	5	6	2	161	243	0	0	0	0	404
454	Pct 9226	454	1	2	3	4	5	6	2	143	312	0	0	0	0	455
455	Pct 9227	455	1	2	3	4	5	6	2	140	304	0	0	0	0	444
456	Pct 9228	456	1	2	3	4	5	6	2	175	277	0	0	0	0	452
457	Pct 9229	457	1	2	3	4	5	6	2	130	219	0	0	0	0	349
458	Pct 9231	458	1	2	3	4	5	6	2	221	294	0	0	0	0	515
459	Pct 9232	459	1	2	3	4	5	6	2	151	274	0	0	0	0	425
460	Pct 9233	460	1	2	3	4	5	6	2	139	308	0	0	0	0	447
461	Pct 9234	461	1	2	3	4	5	6	2	131	281	0	0	0	0	412
462	Pct 9235	462	1	2	3	4	5	6	2	174	298	0	0	0	0	472
463	Pct 9236	463	1	2	3	4	5	6	2	130	207	0	0	0	0	337
464	Pct 9237	464	1	2	3	4	5	6	2	145	331	0	0	0	0	476
465	Pct 9238	465	1	2	3	4	5	6	2	130	271	0	0	0	0	401
466	Pct 9239	466	1	2	3	4	5	6	2	117	318	0	0	0	0	435
467	Pct 9241	467	1	2	3	4	5	6	2	158	322	0	0	0	0	480
468	Pct 9242	468	1	2	3	4	5	6	2	154	300	0	0	0	0	454
469	Pct 9243	469	1	2	3	4	5	6	2	135	188	0	0	0	0	323
470	Pct 9244	470	1	2	3	4	5	6	2	149	269	0	0	0	0	418
471	Pct 9245	471	1	2	3	4	5	6	2	128	226	0	0	0	0	354
472	Pct 9246	472	1	2	3	4	5	6	2	139	299	0	0	0	0	438
473	Pct 9247	473	1	2	3	4	5	6	2	151	303	0	0	0	0	454
474	Pct 9248	474	1	2	3	4	5	6	2	181	282	0	0	0	0	463
475	Pct 9249	475	1	2	3	4	5	6	2	187	314	0	0	0	0	501
476	Pct 9251	476	1	2	3	4	5	6	2	204	342	0	0	0	0	546
477	Pct 9252	477	1	2	3	4	5	6	2	140	352	0	0	0	0	492
478	Pct 9253	478	1	2	3	4	5	6	2	138	272	0	0	0	0	410
479	Pct 9254	479	1	2	3	4	5	6	2	168	318	0	0	0	0	486
480	Pct 9255	480	1	2	3	4	5	6	2	126	128	0	0	0	0	254
481	Pct 9256	481	1	2	3	4	5	6	2	77	103	0	0	0	0	180
482	Pct 9257 	482	1	2	3	4	5	6	2	9	150	0	0	0	0	159
483	Pct 9258	483	1	2	3	4	5	6	2	127	244	0	0	0	0	371
484	Pct 9401	484	1	2	3	4	5	6	2	194	293	0	0	0	0	487
485	Pct 9402	485	1	2	3	4	5	6	2	197	307	0	0	0	0	504
486	Pct 9403	486	1	2	3	4	5	6	2	167	286	0	0	0	0	453
487	Pct 9404	487	1	2	3	4	5	6	2	153	320	0	0	0	0	473
488	Pct 9405	488	1	2	3	4	5	6	2	160	245	0	0	0	0	405
489	Pct 9406	489	1	2	3	4	5	6	2	179	277	0	0	0	0	456
490	Pct 9407	490	1	2	3	4	5	6	2	191	284	0	0	0	0	475
491	Pct 9408	491	1	2	3	4	5	6	2	187	246	0	0	0	0	433
492	Pct 9409	492	1	2	3	4	5	6	2	140	170	0	0	0	0	310
493	Pct 9411	493	1	2	3	4	5	6	2	175	261	0	0	0	0	436
494	Pct 9412	494	1	2	3	4	5	6	2	164	285	0	0	0	0	449
495	Pct 9413	495	1	2	3	4	5	6	2	172	310	0	0	0	0	482
496	Pct 9414	496	1	2	3	4	5	6	2	159	307	0	0	0	0	466
497	Pct 9415	497	1	2	3	4	5	6	2	121	284	0	0	0	0	405
498	Pct 9416	498	1	2	3	4	5	6	2	198	316	0	0	0	0	514
499	Pct 9417	499	1	2	3	4	5	6	2	117	286	0	0	0	0	403
500	Pct 9418	500	1	2	3	4	5	6	2	157	269	0	0	0	0	426
501	Pct 9419	501	1	2	3	4	5	6	2	167	326	0	0	0	0	493
502	Pct 9421	502	1	2	3	4	5	6	2	150	316	0	0	0	0	466
503	Pct 9422	503	1	2	3	4	5	6	2	200	358	0	0	0	0	558
504	Pct 9423	504	1	2	3	4	5	6	2	147	292	0	0	0	0	439
505	Pct 9424	505	1	2	3	4	5	6	2	146	331	0	0	0	0	477
506	Pct 9425	506	1	2	3	4	5	6	2	136	313	0	0	0	0	449
507	Pct 9426	507	1	2	3	4	5	6	2	143	283	0	0	0	0	426
508	Pct 9427	508	1	2	3	4	5	6	2	129	333	0	0	0	0	462
509	Pct 9428	509	1	2	3	4	5	6	2	122	346	0	0	0	0	468
510	Pct 9429	510	1	2	3	4	5	6	2	173	308	0	0	0	0	481
511	Pct 9431	511	1	2	3	4	5	6	2	152	352	0	0	0	0	504
512	Pct 9432	512	1	2	3	4	5	6	2	155	307	0	0	0	0	462
513	Pct 9433	513	1	2	3	4	5	6	2	155	317	0	0	0	0	472
514	Pct 9434	514	1	2	3	4	5	6	2	188	349	0	0	0	0	537
515	Pct 9435	515	1	2	3	4	5	6	2	195	320	0	0	0	0	515
516	Pct 9436	516	1	2	3	4	5	6	2	161	337	0	0	0	0	498
517	Pct 9437	517	1	2	3	4	5	6	2	170	324	0	0	0	0	494
518	Pct 9438	518	1	2	3	4	5	6	2	129	336	0	0	0	0	465
519	Pct 9439	519	1	2	3	4	5	6	2	126	314	0	0	0	0	440
520	Pct 9441	520	1	2	3	4	5	6	2	205	337	0	0	0	0	542
521	Pct 9442	521	1	2	3	4	5	6	2	200	325	0	0	0	0	525
522	Pct 9443	522	1	2	3	4	5	6	2	138	304	0	0	0	0	442
523	Pct 9444	523	1	2	3	4	5	6	2	118	312	0	0	0	0	430
524	Pct 9445	524	1	2	3	4	5	6	2	154	342	0	0	0	0	496
525	Pct 9446	525	1	2	3	4	5	6	2	164	417	0	0	0	0	581
526	Pct 9447	526	1	2	3	4	5	6	2	171	327	0	0	0	0	498
527	Pct 9448	527	1	2	3	4	5	6	2	159	307	0	0	0	0	466
528	Pct 9449	528	1	2	3	4	5	6	2	97	302	0	0	0	0	399
529	Pct 9451	529	1	2	3	4	5	6	2	57	154	0	0	0	0	211
530	Pct 9452	530	1	2	3	4	5	6	2	175	281	0	0	0	0	456
531	Pct 9453	531	1	2	3	4	5	6	2	90	175	0	0	0	0	265
532	Pct 9501 	532	1	2	3	4	5	6	2	5	71	0	0	0	0	76
533	Pct 9502 	533	1	2	3	4	5	6	2	10	116	0	0	0	0	126
534	Pct 9503	534	1	2	3	4	5	6	2	128	184	0	0	0	0	312
534	Pct 9504	534	1	2	3	4	5	6	2	128	184	0	0	0	0	312
535	Pct 9505	535	1	2	3	4	5	6	2	147	274	0	0	0	0	421
536	Pct 9506	536	1	2	3	4	5	6	2	134	217	0	0	0	0	351
537	Pct 9507	537	1	2	3	4	5	6	2	170	218	0	0	0	0	388
538	Pct 9508	538	1	2	3	4	5	6	2	180	258	0	0	0	0	438
539	Pct 9509	539	1	2	3	4	5	6	2	165	239	0	0	0	0	404
540	Pct 9511	540	1	2	3	4	5	6	2	147	177	0	0	0	0	324
541	Pct 9512	541	1	2	3	4	5	6	2	161	251	0	0	0	0	412
542	Pct 9513	542	1	2	3	4	5	6	2	200	261	0	0	0	0	461
543	Pct 9514	543	1	2	3	4	5	6	2	229	257	0	0	0	0	486
543	Pct 9522	543	1	2	3	4	5	6	2	229	257	0	0	0	0	486
544	Pct 9515	544	1	2	3	4	5	6	2	159	243	0	0	0	0	402
545	Pct 9516	545	1	2	3	4	5	6	2	206	269	0	0	0	0	475
546	Pct 9517	546	1	2	3	4	5	6	2	197	235	0	0	0	0	432
547	Pct 9518	547	1	2	3	4	5	6	2	180	242	0	0	0	0	422
548	Pct 9519	548	1	2	3	4	5	6	2	217	294	0	0	0	0	511
549	Pct 9521	549	1	2	3	4	5	6	2	254	290	0	0	0	0	544
550	Pct 9701	550	1	2	3	4	5	6	2	156	235	0	0	0	0	391
551	Pct 9702	551	1	2	3	4	5	6	2	194	231	0	0	0	0	425
552	Pct 9703	552	1	2	3	4	5	6	2	182	373	0	0	0	0	555
553	Pct 9704	553	1	2	3	4	5	6	2	191	354	0	0	0	0	545
554	Pct 9705	554	1	2	3	4	5	6	2	208	309	0	0	0	0	517
555	Pct 9706 	555	1	2	3	4	5	6	2	2	32	0	0	0	0	34
556	Pct 9707	556	1	2	3	4	5	6	2	121	355	0	0	0	0	476
557	Pct 9708	557	1	2	3	4	5	6	2	193	324	0	0	0	0	517
558	Pct 9709	558	1	2	3	4	5	6	2	196	355	0	0	0	0	551
559	Pct 9711	559	1	2	3	4	5	6	2	167	254	0	0	0	0	421
560	Pct 9712	560	1	2	3	4	5	6	2	134	288	0	0	0	0	422
561	Pct 9713	561	1	2	3	4	5	6	2	161	362	0	0	0	0	523
562	Pct 9714	562	1	2	3	4	5	6	2	154	367	0	0	0	0	521
563	Pct 9715	563	1	2	3	4	5	6	2	162	218	0	0	0	0	380
564	Pct 9716	564	1	2	3	4	5	6	2	198	368	0	0	0	0	566
565	Pct 9717	565	1	2	3	4	5	6	2	206	371	0	0	0	0	577
566	Pct 9718	566	1	2	3	4	5	6	2	183	385	0	0	0	0	568
567	Pct 9719	567	1	2	3	4	5	6	2	186	389	0	0	0	0	575
568	Pct 9721	568	1	2	3	4	5	6	2	182	250	0	0	0	0	432
569	Pct 9722	569	1	2	3	4	5	6	2	86	269	0	0	0	0	355
570	Pct 9723	570	1	2	3	4	5	6	2	74	198	0	0	0	0	272
571	Pct 9724	571	1	2	3	4	5	6	2	144	386	0	0	0	0	530
572	Pct 9725	572	1	2	3	4	5	6	2	118	350	0	0	0	0	468
573	Pct 9726	573	1	2	3	4	5	6	2	83	137	0	0	0	0	220
574	Pct 9727	574	1	2	3	4	5	6	2	60	205	0	0	0	0	265
575	Pct 9728	575	1	2	3	4	5	6	2	204	378	0	0	0	0	582
576	Pct 9729	576	1	2	3	4	5	6	2	161	304	0	0	0	0	465
577	Pct 9731	577	1	2	3	4	5	6	2	138	189	0	0	0	0	327
578	Pct 9732 	578	1	2	3	4	5	6	2	3	43	0	0	0	0	46
579	Pct 9733 	579	1	2	3	4	5	6	2	4	146	0	0	0	0	150
580	Pct 9734	580	1	2	3	4	5	6	2	122	261	0	0	0	0	383
581	Pct 9735	581	1	2	3	4	5	6	2	167	344	0	0	0	0	511
582	Pct 9736	582	1	2	3	4	5	6	2	145	305	0	0	0	0	450
583	Pct 9737	583	1	2	3	4	5	6	2	175	343	0	0	0	0	518
584	Pct 9738	584	1	2	3	4	5	6	2	99	263	0	0	0	0	362
585	Pct 9739	585	1	2	3	4	5	6	2	126	193	0	0	0	0	319
586	Pct 9741	586	1	2	3	4	5	6	2	19	24	0	0	0	0	43
587	Pct 9742	587	1	2	3	4	5	6	2	134	187	0	0	0	0	321
588	Pct 9743	588	1	2	3	4	5	6	2	172	317	0	0	0	0	489
589	Pct 9744	589	1	2	3	4	5	6	2	141	234	0	0	0	0	375
590	Pct 9745	590	1	2	3	4	5	6	2	141	205	0	0	0	0	346
591	Pct 9746	591	1	2	3	4	5	6	2	192	334	0	0	0	0	526
592	Pct 9747	592	1	2	3	4	5	6	2	198	323	0	0	0	0	521
593	Pct 9748	593	1	2	3	4	5	6	2	164	342	0	0	0	0	506
594	Pct 9749	594	1	2	3	4	5	6	2	143	266	0	0	0	0	409
595	Pct 9751	595	1	2	3	4	5	6	2	157	384	0	0	0	0	541
596	Pct 9752	596	1	2	3	4	5	6	2	143	305	0	0	0	0	448
597	Pct 9753	597	1	2	3	4	5	6	2	148	266	0	0	0	0	414
598	Pct 9754	598	1	2	3	4	5	6	2	169	296	0	0	0	0	465
599	Pct 9755	599	1	2	3	4	5	6	2	120	201	0	0	0	0	321
600	Pct 9756	600	1	2	3	4	5	6	2	126	297	0	0	0	0	423
601	Pct 9801	601	1	2	3	4	5	6	2	76	148	0	0	0	0	224
602	Pct 9900 	602	1	2	3	4	5	6	2	0	0	0	0	0	0	0
603	Pct 9901 	603	1	2	3	4	5	6	2	0	0	0	0	0	0	0
604	Pct 9902 	604	1	2	3	4	5	6	2	0	0	0	0	0	0	0
